24.8
-0.21999999999999886
-0.5399999999999991
-0.7399999999999984
-0.03999999999999915
-1.1699999999999982
-1.0599999999999987
-1.9199999999999982
-0.41999999999999815
-1.2899999999999991
-1.7100000000000009
-1.7100000000000009
-1.8000000000000007
-1.2199999999999989
-1.3999999999999986
-1.9399999999999977
-1.5700000000000003
-1.8499999999999979
-2.0799999999999983
-1.5
-1.0999999999999979
-0.629999999999999
-1.9600000000000009
-1.6099999999999994
-1.5399999999999991
-0.14999999999999858
-0.6499999999999986
1.0300000000000011
0.1700000000000017
0.15000000000000213
0.8300000000000018
-0.6699999999999982
0.4400000000000013
-0.9199999999999982
0.39000000000000057
-0.46999999999999886
1.0800000000000018
0.990000000000002
-0.1999999999999993
-0.8499999999999979
-1.009999999999998
-1.1999999999999993
-1.4499999999999993
-1.0999999999999979
-1.1699999999999982
0.4800000000000004
-0.5999999999999979
0.07000000000000028
0.15000000000000213
-0.1999999999999993
-0.03999999999999915
1.490000000000002
1.5300000000000011
1.6799999999999997
0.4800000000000004
0.019999999999999574
0.9499999999999993
0.9100000000000001
0.9299999999999997
0.3000000000000007
1.5300000000000011
1.6000000000000014
1.1799999999999997
1.1999999999999993
0.9499999999999993
-0.259999999999998
0.9700000000000024
0.129999999999999
0.22000000000000242
0.370000000000001
1.120000000000001
-0.23999999999999844
-0.3299999999999983
0.0
0.129999999999999
0.129999999999999
0.129999999999999
1.5300000000000011
0.990000000000002
0.240000000000002
-0.129999999999999
0.019999999999999574
-0.259999999999998
1.5100000000000016
0.6999999999999993
0.9700000000000024
0.5899999999999999
0.8300000000000018
0.0
-0.259999999999998
1.120000000000001
0.39000000000000057
0.370000000000001
1.6600000000000001
0.870000000000001
0.08999999999999986
-0.23999999999999844
-0.019999999999999574
-1.2899999999999991
0.08999999999999986
-0.9899999999999984
0.26000000000000156
-0.9699999999999989
-1.2399999999999984
-1.2199999999999989
-1.3099999999999987
-0.5599999999999987
-0.3999999999999986
-0.23999999999999844
-0.129999999999999
-1.3099999999999987
-0.48999999999999844
-0.379999999999999
-0.14999999999999858
-1.7799999999999976
-0.5399999999999991
-1.6600000000000001
-1.7100000000000009
-1.6799999999999997
-1.7300000000000004
-1.4299999999999997
-0.6699999999999982
-0.7899999999999991
-0.629999999999999
0.4800000000000004
-0.34999999999999787
-0.28999999999999915
-0.8299999999999983
0.4400000000000013
-1.2399999999999984
-0.6499999999999986
0.8000000000000007
0.0
0.7800000000000011
-0.3099999999999987
-0.3999999999999986
0.6099999999999994
0.1999999999999993
-1.129999999999999
-0.629999999999999
-0.08999999999999986
-0.14999999999999858
-0.759999999999998
-0.6699999999999982
-0.8099999999999987
-0.21999999999999886
1.0500000000000007
1.4499999999999993
0.8500000000000014
1.7600000000000016
1.490000000000002
0.15000000000000213
-0.23999999999999844
0.8500000000000014
0.8000000000000007
1.2600000000000016
0.4800000000000004
0.6099999999999994
0.370000000000001
0.07000000000000028
0.8300000000000018
0.9299999999999997
0.8300000000000018
1.240000000000002
1.3900000000000006
0.4800000000000004
0.3500000000000014
0.9700000000000024
1.370000000000001
0.46000000000000085
1.240000000000002
0.740000000000002
0.8300000000000018
-0.259999999999998
0.6099999999999994
0.629999999999999
0.46000000000000085
-0.5399999999999991
0.0
0.629999999999999
0.28000000000000114
1.7800000000000011
0.3500000000000014
0.5
-0.5799999999999983
-0.3999999999999986
1.3300000000000018
1.5800000000000018
0.6700000000000017
-0.16999999999999815
0.3500000000000014
0.0
-0.129999999999999
